0 100 25 75 25 50 50
0.05 95.0 27.5 72.5 27.5 50.0 50.0
0.1 90.5 29.75 70.25 29.75 50.0 50.0
0.15000000000000002 86.45 31.775000000000006 68.225 31.775000000000006 50.0 50.0
0.2 82.805 33.59750000000001 66.40249999999999 33.59750000000001 50.0 50.0
0.25 79.5245 35.237750000000005 64.76225 35.237750000000005 50.0 50.0
0.3 76.57205 36.713975000000005 63.286024999999995 36.713975000000005 50.0 50.0
0.35 73.914845 38.04257750000001 61.95742249999999 38.04257750000001 50.0 50.0
0.39999999999999997 71.5233605 39.23831975000001 60.76168024999999 39.23831975000001 50.0 50.0
0.44999999999999996 69.37102445 40.31448777500001 59.68551222499999 40.31448777500001 50.0 50.0
0.49999999999999994 67.433922005 41.28303899750001 58.71696100249999 41.28303899750001 50.0 50.0
0.5499999999999999 65.6905298045 42.154735097750006 57.845264902249994 42.154735097750006 50.0 50.0
0.6 64.12147682405 42.939261587975004 57.060738412024996 42.939261587975004 50.0 50.0
0.65 62.70932914164501 43.64533542917751 56.35466457082249 43.64533542917751 50.0 50.0
0.7000000000000001 61.43839622748051 44.28080188625976 55.71919811374024 44.28080188625976 50.0 50.0
0.7500000000000001 60.294556604732456 44.85272169763378 55.14727830236622 44.85272169763378 50.0 50.0
0.8000000000000002 59.26510094425921 45.367449527870406 54.632550472129594 45.367449527870406 50.0 50.0
0.8500000000000002 58.33859084983329 45.83070457508337 54.16929542491663 45.83070457508337 50.0 50.0
0.9000000000000002 57.50473176484996 46.24763411757503 53.75236588242497 46.24763411757503 50.0 50.0
0.9500000000000003 56.75425858836496 46.622870705817526 53.377129294182474 46.622870705817526 50.0 50.0
1.0000000000000002 56.078832729528465 46.96058363523577 53.03941636476423 46.96058363523577 50.0 50.0
1.0500000000000003 55.47094945657562 47.264525271712195 52.735474728287805 47.264525271712195 50.0 50.0
1.1000000000000003 54.923854510918055 47.538072744540976 52.461927255459024 47.538072744540976 50.0 50.0
1.1500000000000004 54.43146905982625 47.78426547008688 52.21573452991312 47.78426547008688 50.0 50.0
1.2000000000000004 53.988322153843626 48.005838923078194 51.994161076921806 48.005838923078194 50.0 50.0
1.2500000000000004 53.589489938459266 48.205255030770374 51.794744969229626 48.205255030770374 50.0 50.0
1.3000000000000005 53.23054094461334 48.38472952769334 51.61527047230666 48.38472952769334 50.0 50.0
1.3500000000000005 52.907486850152004 48.546256574924 51.453743425076 48.546256574924 50.0 50.0
1.4000000000000006 52.6167381651368 48.6916309174316 51.3083690825684 48.6916309174316 50.0 50.0
1.4500000000000006 52.355064348623124 48.82246782568844 51.17753217431156 48.82246782568844 50.0 50.0
1.5000000000000007 52.119557913760815 48.9402210431196 51.0597789568804 48.9402210431196 50.0 50.0
1.5500000000000007 51.90760212238473 49.04619893880764 50.95380106119236 49.04619893880764 50.0 50.0
1.6000000000000008 51.71684191014626 49.14157904492688 50.85842095507312 49.14157904492688 50.0 50.0
1.6500000000000008 51.54515771913163 49.22742114043419 50.77257885956581 49.22742114043419 50.0 50.0
1.7000000000000008 51.39064194721847 49.30467902639077 50.69532097360923 49.30467902639077 50.0 50.0
1.7500000000000009 51.25157775249662 49.37421112375169 50.62578887624831 49.37421112375169 50.0 50.0
1.800000000000001 51.12641997724696 49.43679001137652 50.56320998862348 49.43679001137652 50.0 50.0
1.850000000000001 51.01377797952227 49.49311101023887 50.50688898976113 49.49311101023887 50.0 50.0
1.900000000000001 50.91240018157004 49.54379990921498 50.45620009078502 49.54379990921498 50.0 50.0
1.950000000000001 50.82116016341304 49.58941991829349 50.41058008170651 49.58941991829349 50.0 50.0
2.000000000000001 50.73904414707174 49.63047792646414 50.36952207353586 49.63047792646414 50.0 50.0
2.0500000000000007 50.665139732364565 49.667430133817724 50.332569866182276 49.667430133817724 50.0 50.0
2.1000000000000005 50.59862575912811 49.70068712043595 50.29931287956405 49.70068712043595 50.0 50.0
2.1500000000000004 50.5387631832153 49.73061840839236 50.26938159160764 49.73061840839236 50.0 50.0
2.2 50.484886864893774 49.757556567553124 50.242443432446876 49.757556567553124 50.0 50.0
2.25 50.436398178404396 49.78180091079781 50.21819908920219 49.78180091079781 50.0 50.0
2.3 50.39275836056396 49.803620819718034 50.196379180281966 49.803620819718034 50.0 50.0
2.3499999999999996 50.35348252450756 49.82325873774623 50.17674126225377 49.82325873774623 50.0 50.0
2.3999999999999995 50.31813427205681 49.84093286397161 50.15906713602839 49.84093286397161 50.0 50.0
2.4499999999999993 50.286320844851126 49.85683957757445 50.14316042242555 49.85683957757445 50.0 50.0
2.499999999999999 50.257688760366015 49.871155619817 50.128844380183 49.871155619817 50.0 50.0
2.549999999999999 50.231919884329415 49.8840400578353 50.1159599421647 49.8840400578353 50.0 50.0
2.5999999999999988 50.20872789589647 49.89563605205177 50.10436394794823 49.89563605205177 50.0 50.0
2.6499999999999986 50.18785510630683 49.90607244684659 50.09392755315341 49.90607244684659 50.0 50.0
2.6999999999999984 50.16906959567614 49.91546520216193 50.08453479783807 49.91546520216193 50.0 50.0
2.7499999999999982 50.15216263610853 49.923918681945736 50.076081318054264 49.923918681945736 50.0 50.0
2.799999999999998 50.136946372497675 49.93152681375116 50.06847318624884 49.93152681375116 50.0 50.0
2.849999999999998 50.123251735247905 49.93837413237605 50.06162586762395 49.93837413237605 50.0 50.0
2.8999999999999977 50.11092656172311 49.94453671913844 50.05546328086156 49.94453671913844 50.0 50.0
2.9499999999999975 50.0998339055508 49.950083047224595 50.049916952775405 49.950083047224595 50.0 50.0
2.9999999999999973 50.089850514995724 49.955074742502134 50.044925257497866 49.955074742502134 50.0 50.0
3.049999999999997 50.08086546349615 49.959567268251924 50.040432731748076 49.959567268251924 50.0 50.0
3.099999999999997 50.072778917146536 49.96361054142673 50.03638945857327 49.96361054142673 50.0 50.0
3.149999999999997 50.065501025431885 49.96724948728406 50.03275051271594 49.96724948728406 50.0 50.0
3.1999999999999966 50.0589509228887 49.97052453855565 50.02947546144435 49.97052453855565 50.0 50.0
3.2499999999999964 50.05305583059983 49.973472084700084 50.026527915299916 49.973472084700084 50.0 50.0
3.2999999999999963 50.047750247539845 49.976124876230074 50.023875123769926 49.976124876230074 50.0 50.0
3.349999999999996 50.04297522278586 49.978512388607065 50.021487611392935 49.978512388607065 50.0 50.0
3.399999999999996 50.03867770050728 49.98066114974636 50.01933885025364 49.98066114974636 50.0 50.0
3.4499999999999957 50.034809930456554 49.98259503477173 50.01740496522827 49.98259503477173 50.0 50.0
3.4999999999999956 50.0313289374109 49.984335531294555 50.015664468705445 49.984335531294555 50.0 50.0
3.5499999999999954 50.02819604366981 49.9859019781651 50.0140980218349 49.9859019781651 50.0 50.0
3.599999999999995 50.025376439302825 49.98731178034859 50.01268821965141 49.98731178034859 50.0 50.0
3.649999999999995 50.02283879537254 49.98858060231373 50.01141939768627 49.98858060231373 50.0 50.0
3.699999999999995 50.02055491583529 49.98972254208236 50.01027745791764 49.98972254208236 50.0 50.0
3.7499999999999947 50.018499424251765 49.99075028787413 50.00924971212587 49.99075028787413 50.0 50.0
3.7999999999999945 50.01664948182659 49.99167525908672 50.00832474091328 49.99167525908672 50.0 50.0
3.8499999999999943 50.01498453364393 49.992507733178044 50.007492266821956 49.992507733178044 50.0 50.0
3.899999999999994 50.01348608027954 49.99325695986024 50.00674304013976 49.99325695986024 50.0 50.0
3.949999999999994 50.01213747225159 49.99393126387422 50.00606873612578 49.99393126387422 50.0 50.0
3.999999999999994 50.01092372502643 49.99453813748679 50.00546186251321 49.99453813748679 50.0 50.0
4.049999999999994 50.00983135252379 49.99508432373811 50.00491567626189 49.99508432373811 50.0 50.0
4.099999999999993 50.008848217271414 49.995575891364304 50.004424108635696 49.995575891364304 50.0 50.0
4.149999999999993 50.00796339554427 49.996018302227874 50.003981697772126 49.996018302227874 50.0 50.0
4.199999999999993 50.00716705598985 49.99641647200509 50.00358352799491 49.99641647200509 50.0 50.0
4.249999999999993 50.006450350390864 49.996774824804575 50.003225175195425 49.996774824804575 50.0 50.0
4.299999999999993 50.00580531535178 49.99709734232412 50.00290265767588 49.99709734232412 50.0 50.0
4.3499999999999925 50.0052247838166 49.99738760809171 50.00261239190829 49.99738760809171 50.0 50.0
4.399999999999992 50.00470230543494 49.997648847282534 50.002351152717466 49.997648847282534 50.0 50.0
4.449999999999992 50.00423207489145 49.99788396255428 50.00211603744572 49.99788396255428 50.0 50.0
4.499999999999992 50.003808867402306 49.99809556629886 50.00190443370114 49.99809556629886 50.0 50.0
4.549999999999992 50.003427980662075 49.99828600966897 50.00171399033103 49.99828600966897 50.0 50.0
4.599999999999992 50.00308518259587 49.99845740870207 50.00154259129793 49.99845740870207 50.0 50.0
4.6499999999999915 50.00277666433628 49.99861166783187 50.00138833216813 49.99861166783187 50.0 50.0
4.699999999999991 50.002498997902656 49.99875050104868 50.00124949895132 49.99875050104868 50.0 50.0
4.749999999999991 50.00224909811239 49.998875450943814 50.001124549056186 49.998875450943814 50.0 50.0
4.799999999999991 50.00202418830115 49.99898790584943 50.00101209415057 49.99898790584943 50.0 50.0
4.849999999999991 50.001821769471036 49.99908911526449 50.00091088473551 49.99908911526449 50.0 50.0
4.899999999999991 50.00163959252393 49.99918020373804 50.00081979626196 49.99918020373804 50.0 50.0
4.94999999999999 50.00147563327154 49.99926218336424 50.00073781663576 49.99926218336424 50.0 50.0
4.99999999999999 50.001328069944385 49.99933596502781 50.00066403497219 49.99933596502781 50.0 50.0
