0 75 25
0.05 74.375 25.625
0.1 73.796875 26.203125
0.15000000000000002 73.262109375 26.737890625
0.2 72.767451171875 27.232548828124997
0.25 72.30989233398437 27.69010766601562
0.3 71.88665040893554 28.11334959106445
0.35 71.49515162826538 28.504848371734614
0.39999999999999997 71.13301525614547 28.866984743854516
0.44999999999999996 70.79803911193456 29.20196088806543
0.49999999999999994 70.48818617853946 29.51181382146052
0.5499999999999999 70.201572215149 29.798427784850983
0.6 69.93645429901282 30.06354570098716
0.65 69.69122022658686 30.30877977341312
0.7000000000000001 69.46437870959285 30.535621290407136
0.7500000000000001 69.25455030637339 30.7454496936266
0.8000000000000002 69.06045903339539 30.939540966604604
0.8500000000000002 68.88092460589074 31.11907539410926
0.9000000000000002 68.71485526044893 31.285144739551065
0.9500000000000003 68.56124111591525 31.438758884084734
1.0000000000000002 68.41914803222161 31.58085196777838
1.0500000000000003 68.287711929805 31.712288070195
1.1000000000000003 68.16613353506962 31.833866464930377
1.1500000000000004 68.0536735199394 31.9463264800606
1.2000000000000004 67.94964800594394 32.05035199405605
1.2500000000000004 67.85342440549815 32.14657559450185
1.3000000000000005 67.76441757508579 32.235582424914206
1.3500000000000005 67.68208625695435 32.317913743045644
1.4000000000000006 67.60592978768277 32.39407021231722
1.4500000000000006 67.53548505360656 32.46451494639343
1.5000000000000007 67.47032367458607 32.529676325413924
1.5500000000000007 67.41004939899211 32.58995060100788
1.6000000000000008 67.3542956940677 32.645704305932284
1.6500000000000008 67.30272351701262 32.69727648298736
1.7000000000000008 67.25501925323668 32.74498074676331
1.7500000000000009 67.21089280924393 32.78910719075606
1.800000000000001 67.17007584855064 32.82992415144936
1.850000000000001 67.13232015990934 32.86767984009066
1.900000000000001 67.09739614791614 32.90260385208386
1.950000000000001 67.06509143682243 32.934908563177565
2.000000000000001 67.03520957906075 32.964790420939245
2.0500000000000007 67.0075688606312 32.992431139368804
2.1000000000000005 66.98200119608386 33.01799880391614
2.1500000000000004 66.95835110637756 33.04164889362243
2.2 66.93647477339924 33.063525226600746
2.25 66.9162391653943 33.08376083460569
2.3 66.89752122798973 33.102478772010265
2.3499999999999996 66.8802071358905 33.11979286410949
2.3999999999999995 66.86419160069872 33.13580839930128
2.4499999999999993 66.84937723064631 33.15062276935369
2.499999999999999 66.83567393834784 33.16432606165216
2.549999999999999 66.82299839297175 33.17700160702825
2.5999999999999988 66.81127351349888 33.18872648650113
2.6499999999999986 66.80042799998645 33.199572000013546
2.6999999999999984 66.79039589998747 33.20960410001253
2.7499999999999982 66.78111620748841 33.21888379251159
2.799999999999998 66.77253249192678 33.22746750807322
2.849999999999998 66.76459255503228 33.23540744496773
2.8999999999999977 66.75724811340486 33.242751886595144
2.9499999999999975 66.7504545048995 33.249545495100506
2.9999999999999973 66.74417041703204 33.25582958296797
3.049999999999997 66.73835763575464 33.261642364245375
3.099999999999997 66.73298081307304 33.26701918692697
3.149999999999997 66.72800725209257 33.27199274790745
3.1999999999999966 66.72340670818562 33.276593291814386
3.2499999999999964 66.7191512050717 33.28084879492831
3.2999999999999963 66.71521486469132 33.28478513530869
3.349999999999996 66.71157374983947 33.28842625016053
3.399999999999996 66.70820571860152 33.291794281398495
3.4499999999999957 66.7050902897064 33.29490971029361
3.4999999999999956 66.70220851797842 33.29779148202159
3.5499999999999954 66.69954287913004 33.30045712086997
3.599999999999995 66.69707716319529 33.302922836804726
3.649999999999995 66.69479637595565 33.305203624044374
3.699999999999995 66.69268664775898 33.307313352241046
3.7499999999999947 66.69073514917706 33.30926485082297
3.7999999999999945 66.68893001298878 33.31106998701125
3.8499999999999943 66.68726026201462 33.31273973798541
3.899999999999994 66.68571574236353 33.31428425763651
3.949999999999994 66.68428706168626 33.31571293831377
3.999999999999994 66.6829655320598 33.31703446794024
4.049999999999994 66.6817431171553 33.31825688284472
4.099999999999993 66.68061238336865 33.31938761663137
4.149999999999993 66.67956645461601 33.32043354538401
4.199999999999993 66.67859897051981 33.321401029480214
4.249999999999993 66.67770404773083 33.3222959522692
4.299999999999993 66.67687624415102 33.32312375584901
4.3499999999999925 66.67611052583969 33.32388947416034
4.399999999999992 66.67540223640171 33.32459776359831
4.449999999999992 66.67474706867158 33.32525293132844
4.499999999999992 66.67414103852121 33.32585896147881
4.549999999999992 66.67358046063212 33.3264195393679
4.599999999999992 66.67306192608471 33.32693807391531
4.6499999999999915 66.67258228162837 33.32741771837166
4.699999999999991 66.67213861050624 33.32786138949379
4.749999999999991 66.67172821471827 33.32827178528176
4.799999999999991 66.6713485986144 33.32865140138563
4.849999999999991 66.67099745371833 33.32900254628171
4.899999999999991 66.67067264468946 33.32932735531058
4.94999999999999 66.67037219633775 33.32962780366229
4.99999999999999 66.67009428161242 33.32990571838762
