0 100 0
0.1 80.0 20.0
0.2 68.0 32.0
0.30000000000000004 60.8 39.2
0.4 56.48 43.52
0.5 53.888 46.112
0.6 52.3328 47.6672
0.7 51.39968 48.60032
0.7999999999999999 50.839808 49.160192
0.8999999999999999 50.5038848 49.4961152
0.9999999999999999 50.30233088 49.69766912
1.0999999999999999 50.181398528 49.818601472
1.2 50.1088391168 49.8911608832
1.3 50.065303470079996 49.934696529920004
1.4000000000000001 50.039182082048 49.960817917952
1.5000000000000002 50.0235092492288 49.9764907507712
1.6000000000000003 50.014105549537284 49.985894450462716
1.7000000000000004 50.00846332972237 49.99153667027763
1.8000000000000005 50.00507799783342 49.99492200216658
1.9000000000000006 50.00304679870005 49.99695320129995
2.0000000000000004 50.001828079220026 49.998171920779974
2.1000000000000005 50.00109684753202 49.99890315246798
2.2000000000000006 50.00065810851921 49.99934189148079
2.3000000000000007 50.000394865111524 49.999605134888476
2.400000000000001 50.000236919066914 49.999763080933086
2.500000000000001 50.00014215144015 49.99985784855985
2.600000000000001 50.00008529086409 49.99991470913591
2.700000000000001 50.000051174518454 49.999948825481546
2.800000000000001 50.00003070471107 49.99996929528893
2.9000000000000012 50.00001842282664 49.99998157717336
3.0000000000000013 50.000011053695985 49.999988946304015
3.1000000000000014 50.00000663221759 49.99999336778241
3.2000000000000015 50.00000397933056 49.99999602066944
3.3000000000000016 50.000002387598336 49.999997612401664
3.4000000000000017 50.000001432559 49.999998567441
3.5000000000000018 50.000000859535405 49.999999140464595
3.600000000000002 50.00000051572124 49.99999948427876
3.700000000000002 50.00000030943274 49.99999969056726
3.800000000000002 50.000000185659644 49.999999814340356
3.900000000000002 50.000000111395785 49.999999888604215
4.000000000000002 50.00000006683747 49.99999993316253
4.100000000000001 50.000000040102485 49.999999959897515
4.200000000000001 50.00000002406149 49.99999997593851
4.300000000000001 50.00000001443689 49.99999998556311
4.4 50.000000008662134 49.999999991337866
4.5 50.00000000519728 49.99999999480272
4.6 50.000000003118366 49.999999996881634
4.699999999999999 50.00000000187102 49.99999999812898
4.799999999999999 50.000000001122615 49.999999998877385
4.899999999999999 50.000000000673566 49.999999999326434
4.999999999999998 50.00000000040414 49.99999999959586
5.099999999999998 50.00000000024249 49.99999999975751
5.1999999999999975 50.00000000014549 49.99999999985451
5.299999999999997 50.0000000000873 49.9999999999127
5.399999999999997 50.00000000005238 49.99999999994762
5.4999999999999964 50.00000000003143 49.99999999996857
5.599999999999996 50.00000000001886 49.99999999998114
5.699999999999996 50.00000000001131 49.99999999998869
5.799999999999995 50.000000000006786 49.999999999993214
5.899999999999995 50.00000000000407 49.99999999999593
5.999999999999995 50.000000000002444 49.999999999997556
6.099999999999994 50.000000000001464 49.999999999998536
6.199999999999994 50.00000000000088 49.99999999999912
6.299999999999994 50.000000000000526 49.999999999999474
6.399999999999993 50.00000000000031 49.99999999999969
6.499999999999993 50.000000000000185 49.999999999999815
6.5999999999999925 50.000000000000114 49.999999999999886
6.699999999999992 50.00000000000007 49.99999999999993
6.799999999999992 50.00000000000004 49.99999999999996
6.8999999999999915 50.00000000000003 49.99999999999997
6.999999999999991 50.000000000000014 49.999999999999986
7.099999999999991 50.00000000000001 49.99999999999999
7.19999999999999 50.00000000000001 49.99999999999999
7.29999999999999 50.00000000000001 49.99999999999999
7.39999999999999 50.00000000000001 49.99999999999999
7.499999999999989 50.00000000000001 49.99999999999999
7.599999999999989 50.00000000000001 49.99999999999999
7.699999999999989 50.00000000000001 49.99999999999999
7.799999999999988 50.00000000000001 49.99999999999999
7.899999999999988 50.00000000000001 49.99999999999999
7.999999999999988 50.00000000000001 49.99999999999999
8.099999999999987 50.00000000000001 49.99999999999999
8.199999999999987 50.00000000000001 49.99999999999999
8.299999999999986 50.00000000000001 49.99999999999999
8.399999999999986 50.00000000000001 49.99999999999999
8.499999999999986 50.00000000000001 49.99999999999999
8.599999999999985 50.00000000000001 49.99999999999999
8.699999999999985 50.00000000000001 49.99999999999999
8.799999999999985 50.00000000000001 49.99999999999999
8.899999999999984 50.00000000000001 49.99999999999999
8.999999999999984 50.00000000000001 49.99999999999999
9.099999999999984 50.00000000000001 49.99999999999999
9.199999999999983 50.00000000000001 49.99999999999999
9.299999999999983 50.00000000000001 49.99999999999999
9.399999999999983 50.00000000000001 49.99999999999999
9.499999999999982 50.00000000000001 49.99999999999999
9.599999999999982 50.00000000000001 49.99999999999999
9.699999999999982 50.00000000000001 49.99999999999999
9.799999999999981 50.00000000000001 49.99999999999999
9.89999999999998 50.00000000000001 49.99999999999999
9.99999999999998 50.00000000000001 49.99999999999999
46
0.9600000000000006 50.99313520259912 49.00686479740088
0.9700000000000006 50.95340979449516 49.04659020550484
0.9800000000000006 50.91527340271535 49.08472659728465
0.9900000000000007 50.878662466606734 49.121337533393266
1.0000000000000007 50.843515967942466 49.156484032057534
