0 100 0
0.05 95.0 5.0
0.1 90.375 9.625
0.15000000000000002 86.096875 13.903125
0.2 82.13960937499999 17.860390625
0.25 78.47913867187499 21.520861328125
0.3 75.09320327148437 24.906796728515626
0.35 71.96121302612305 28.038786973876952
0.39999999999999997 69.06412204916381 30.93587795083618
0.44999999999999996 66.38431289547653 33.61568710452347
0.49999999999999994 63.90548942831579 36.094510571684204
0.5499999999999999 61.6125777211921 38.38742227880789
0.6 59.491634392102696 40.5083656078973
0.65 57.52976181269499 42.470238187305
0.7000000000000001 55.715029676742866 44.28497032325713
0.7500000000000001 54.036402450987154 45.963597549012846
0.8000000000000002 52.483672267163115 47.516327732836885
0.8500000000000002 51.04739684712588 48.95260315287412
0.9000000000000002 49.71884208359144 50.28115791640856
0.9500000000000003 48.48992892732208 51.51007107267792
1.0000000000000002 47.353184257772924 52.646815742227076
1.0500000000000003 46.30169543843996 53.69830456156004
1.1000000000000003 45.32906828055696 54.67093171944304
1.1500000000000004 44.42938815951519 55.57061184048481
1.2000000000000004 43.59718404755155 56.40281595244845
1.2500000000000004 42.82739524398519 57.17260475601481
1.3000000000000005 42.115340600686295 57.884659399313705
1.3500000000000005 41.45669005563482 58.54330994436518
1.4000000000000006 40.84743830146221 59.15256169853779
1.4500000000000006 40.28388042885255 59.71611957114745
1.5000000000000007 39.762589396688604 60.237410603311396
1.5500000000000007 39.28039519193696 60.71960480806304
1.6000000000000008 38.83436555254169 61.16563444745831
1.6500000000000008 38.421788136101064 61.578211863898936
1.7000000000000008 38.040154025893486 61.959845974106514
1.7500000000000009 37.687142473951475 62.312857526048525
1.800000000000001 37.360606788405114 62.639393211594886
1.850000000000001 37.058561279274734 62.941438720725266
1.900000000000001 36.77916918332913 63.22083081667087
1.950000000000001 36.520731494579444 63.479268505420556
2.000000000000001 36.28167663248598 63.71832336751402
2.0500000000000007 36.06055088504954 63.93944911495046
2.1000000000000005 35.85600956867082 64.14399043132917
2.1500000000000004 35.66680885102051 64.33319114897948
2.2 35.49179818719397 64.50820181280602
2.25 35.32991332315442 64.67008667684557
2.3 35.180169823917836 64.81983017608215
2.3499999999999996 35.041657087124 64.95834291287599
2.3999999999999995 34.9135328055897 65.08646719441029
2.4499999999999993 34.79501784517048 65.20498215482952
2.499999999999999 34.68539150678269 65.3146084932173
2.549999999999999 34.58398714377399 65.416012856226
2.5999999999999988 34.49018810799094 65.50981189200905
2.6499999999999986 34.403423999891615 65.59657600010837
2.6999999999999984 34.32316719989974 65.67683280010024
2.7499999999999982 34.24892965990726 65.75107034009272
2.799999999999998 34.18025993541421 65.81974006458577
2.849999999999998 34.11674044025815 65.88325955974184
2.8999999999999977 34.05798490723879 65.94201509276121
2.9499999999999975 34.00363603919588 65.99636396080412
2.9999999999999973 33.95336333625619 66.04663666374381
3.049999999999997 33.906861086036976 66.09313891396303
3.099999999999997 33.8638465045842 66.1361534954158
3.149999999999997 33.82405801674039 66.17594198325962
3.1999999999999966 33.78725366548486 66.21274633451515
3.2499999999999964 33.753209640573495 66.24679035942651
3.2999999999999963 33.72171891753048 66.27828108246952
3.349999999999996 33.6925899987157 66.30741000128431
3.399999999999996 33.66564574881202 66.33435425118799
3.4499999999999957 33.64072231765112 66.35927768234889
3.4999999999999956 33.61766814382729 66.38233185617273
3.5499999999999954 33.59634303304024 66.40365696695977
3.599999999999995 33.57661730556222 66.42338269443779
3.649999999999995 33.55837100764506 66.44162899235496
3.699999999999995 33.541493182071676 66.45850681792834
3.7499999999999947 33.5258811934163 66.47411880658372
3.7999999999999945 33.51144010391008 66.48855989608994
3.8499999999999943 33.498082096116825 66.5019179038832
3.899999999999994 33.48572593890806 66.51427406109195
3.949999999999994 33.47429649348996 66.52570350651006
3.999999999999994 33.463724256478216 66.5362757435218
4.049999999999994 33.45394493724235 66.54605506275766
4.099999999999993 33.44489906694917 66.55510093305084
4.149999999999993 33.43653163692798 66.56346836307202
4.199999999999993 33.42879176415838 66.57120823584162
4.249999999999993 33.42163238184651 66.57836761815351
4.299999999999993 33.41500995320802 66.584990046792
4.3499999999999925 33.40888420671742 66.5911157932826
4.399999999999992 33.403217891213615 66.5967821087864
4.449999999999992 33.39797654937259 66.60202345062741
4.499999999999992 33.39312830816965 66.60687169183036
4.549999999999992 33.38864368505693 66.61135631494308
4.599999999999992 33.38449540867766 66.61550459132235
4.6499999999999915 33.38065825302684 66.61934174697318
4.699999999999991 33.377108884049825 66.6228911159502
4.749999999999991 33.37382571774609 66.62617428225393
4.799999999999991 33.37078878891513 66.62921121108488
4.849999999999991 33.36797962974649 66.63202037025351
4.899999999999991 33.36538115751551 66.6346188424845
4.94999999999999 33.362977570701844 66.63702242929816
4.99999999999999 33.360754252899206 66.6392457471008
