0 100 0 100 0
0.05 90.0 10.0 90.9365376538991 9.063462346100906
0.1 82.0 18.0 83.51600230178197 16.483997698218033
0.15000000000000002 75.6 24.400000000000006 77.44058180470132 22.559418195298676
0.2 70.47999999999999 29.52000000000001 72.46644820586107 27.53355179413893
0.25 66.38399999999999 33.616000000000014 68.39397205857212 31.606027941427882
0.3 63.10719999999999 36.89280000000001 65.05971059561011 34.94028940438989
0.35 60.48575999999999 39.51424000000001 62.329848197080324 37.670151802919676
0.39999999999999997 58.38860799999999 41.61139200000001 60.09482589973277 39.90517410026723
0.44999999999999996 56.71088639999999 43.28911360000001 58.26494441107933 41.73505558892067
0.49999999999999994 55.36870911999999 44.63129088000001 56.766764161830636 43.233235838169364
0.5499999999999999 54.294967295999996 45.705032704000004 55.5401579181167 44.4598420818833
0.6 53.435973836799995 46.564026163200005 54.535897664470625 45.464102335529375
0.65 52.74877906944 47.25122093056 53.713678910716695 46.286321089283305
0.7000000000000001 52.199023255552 47.800976744448 53.0405031312609 46.9594968687391
0.7500000000000001 51.7592186044416 48.2407813955584 52.48935341839319 47.51064658160681
0.8000000000000002 51.40737488355328 48.59262511644672 52.03811019891831 47.96188980108169
0.8500000000000002 51.125899906842626 48.874100093157374 51.6686634980163 48.3313365019837
0.9000000000000002 50.9007199254741 49.0992800745259 51.366186122364624 48.633813877635376
0.9500000000000003 50.72057594037928 49.27942405962072 51.11853859280828 48.88146140719172
1.0000000000000002 50.57646075230342 49.42353924769658 50.91578194443671 49.08421805556329
1.0500000000000003 50.461168601842736 49.538831398157264 50.74977884102388 49.25022115897612
1.1000000000000003 50.36893488147419 49.63106511852581 50.61386699515342 49.38613300484658
1.1500000000000004 50.29514790517935 49.70485209482065 50.50259178723168 49.49740821276832
1.2000000000000004 50.236118324143476 49.763881675856524 50.411487352451 49.588512647549
1.2500000000000004 50.188894659314784 49.811105340685216 50.33689734995427 49.66310265004573
1.3000000000000005 50.151115727451824 49.848884272548176 50.27582822103804 49.72417177896196
1.3500000000000005 50.120892581961456 49.879107418038544 50.22582904713063 49.77417095286937
1.4000000000000006 50.09671406556917 49.90328593443083 50.184893185824144 49.815106814175856
1.4500000000000006 50.077371252455336 49.922628747544664 50.15137773726879 49.84862226273121
1.5000000000000007 50.06189700196427 49.93810299803573 50.123937608833316 49.876062391166684
1.5500000000000007 50.04951760157142 49.95048239842858 50.10147153181479 49.89852846818521
1.6000000000000008 50.039614081257135 49.960385918742865 50.083077863658694 49.916922136341306
1.6500000000000008 50.031691265005705 49.968308734994295 50.068018401877396 49.931981598122604
1.7000000000000008 50.025353012004565 49.974646987995435 50.05568875739224 49.94431124260776
1.7500000000000009 50.02028240960365 49.97971759039635 50.045594098277725 49.954405901722275
1.800000000000001 50.016225927682925 49.983774072317075 50.03732929041883 49.96267070958117
1.850000000000001 50.01298074214634 49.98701925785366 50.03056263805648 49.96943736194352
1.900000000000001 50.01038459371707 49.98961540628293 50.02502257167203 49.97497742832797
1.950000000000001 50.00830767497366 49.99169232502634 50.02048674894899 49.97951325105101
2.000000000000001 50.006646139978926 49.993353860021074 50.01677313139513 49.98322686860487
2.0500000000000007 50.005316911983144 49.994683088016856 50.013732678498606 49.986267321501394
2.1000000000000005 50.004253529586514 49.995746470413486 50.011243366208944 49.988756633791056
2.1500000000000004 50.00340282366921 49.99659717633079 50.00920528968338 49.99079471031662
2.2 50.00272225893537 49.99727774106463 50.00753665375478 49.99246334624522
2.25 50.0021778071483 49.9978221928517 50.00617049020433 49.99382950979567
2.3 50.00174224571864 49.99825775428136 50.005051970091856 49.994948029908144
2.3499999999999996 50.00139379657491 49.99860620342509 50.00413620327783 49.99586379672217
2.3999999999999995 50.00111503725993 49.99888496274007 50.00338643682454 49.99661356317546
2.4499999999999993 50.00089202980794 49.99910797019206 50.00277257997161 49.99722742002839
2.499999999999999 50.00071362384635 49.99928637615365 50.002269996488124 49.997730003511876
2.549999999999999 50.00057089907708 49.99942910092292 50.00185851593421 49.99814148406579
2.5999999999999988 50.00045671926166 49.99954328073834 50.00152162415042 49.99847837584958
2.6499999999999986 50.00036537540933 49.99963462459067 50.00124580048657 49.99875419951343
2.6999999999999984 50.000292300327466 49.999707699672534 50.00101997517056 49.99898002482944
2.7499999999999982 50.00023384026197 49.99976615973803 50.00083508503951 49.99916491496049
2.799999999999998 50.00018707220958 49.99981292779042 50.00068370980328 49.99931629019672
2.849999999999998 50.000149657767665 49.999850342232335 50.00055977424213 49.99944022575787
2.8999999999999977 50.00011972621413 49.99988027378587 50.00045830438681 49.99954169561319
2.9499999999999975 50.00009578097131 49.99990421902869 50.00037522789575 49.99962477210425
2.9999999999999973 50.000076624777044 49.999923375222956 50.00030721061766 49.99969278938234
3.049999999999997 50.00006129982164 49.99993870017836 50.00025152278035 49.99974847721965
3.099999999999997 50.00004903985731 49.99995096014269 50.000205929435374 49.999794070564626
3.149999999999997 50.00003923188585 49.99996076811415 50.000168600761704 49.999831399238296
3.1999999999999966 50.00003138550868 49.99996861449132 50.0001380386286 49.9998619613714
3.2499999999999964 50.000025108406945 49.999974891593055 50.00011301647035 49.99988698352965
3.2999999999999963 50.000020086725556 49.999979913274444 50.00009253005988 49.99990746994012
3.349999999999996 50.00001606938044 49.99998393061956 50.00007575720561 49.99992424279439
3.399999999999996 50.00001285550435 49.99998714449565 50.000062024754 49.999937975246
3.4499999999999957 50.00001028440348 49.99998971559652 50.00005078157355 49.99994921842645
3.4999999999999956 50.000008227522784 49.999991772477216 50.000041576435954 49.999958423564046
3.5499999999999954 50.00000658201823 49.99999341798177 50.00003403990672 49.99996596009328
3.599999999999995 50.00000526561458 49.99999473438542 50.00002786951846 49.99997213048154
3.649999999999995 50.00000421249167 49.99999578750833 50.00002281763184 49.99997718236816
3.699999999999995 50.00000336999334 49.99999663000666 50.0000186814969 49.9999813185031
3.7499999999999947 50.00000269599467 49.99999730400533 50.00001529511602 49.99998470488398
3.7999999999999945 50.00000215679573 49.99999784320427 50.00001252258186 49.99998747741814
3.8499999999999943 50.00000172543658 49.99999827456342 50.00001025262288 49.99998974737712
3.899999999999994 50.00000138034927 49.99999861965073 50.00000839413765 49.99999160586235
3.949999999999994 50.00000110427941 49.99999889572059 50.00000687253864 49.99999312746136
3.999999999999994 50.00000088342353 49.99999911657647 50.000005626758735 49.999994373241265
4.049999999999994 50.000000706738824 49.999999293261176 50.00000460680042 49.99999539319958
4.099999999999993 50.00000056539106 49.99999943460894 50.000003771729176 49.999996228270824
4.149999999999993 50.00000045231285 49.99999954768715 50.00000308803067 49.99999691196933
4.199999999999993 50.000000361850276 49.999999638149724 50.000002528265675 49.999997471734325
4.249999999999993 50.00000028948022 49.99999971051978 50.00000206996886 49.99999793003114
4.299999999999993 50.000000231584174 49.999999768415826 50.00000169474716 49.99999830525284
4.3499999999999925 50.00000018526734 49.99999981473266 50.00000138754162 49.99999861245838
4.399999999999992 50.00000014821387 49.99999985178613 50.000001136022995 49.999998863977005
4.449999999999992 50.000000118571094 49.999999881428906 50.00000093009697 49.99999906990303
4.499999999999992 50.00000009485687 49.99999990514313 50.00000076149899 49.99999923850101
4.549999999999992 50.000000075885495 49.999999924114505 50.00000062346264 49.99999937653736
4.599999999999992 50.000000060708395 49.999999939291605 50.00000051044804 49.99999948955196
4.6499999999999915 50.00000004856672 49.99999995143328 50.0000004179195 49.9999995820805
4.699999999999991 50.00000003885337 49.99999996114663 50.00000034216355 49.99999965783645
4.749999999999991 50.0000000310827 49.9999999689173 50.00000028013982 49.99999971986018
4.799999999999991 50.00000002486616 49.99999997513384 50.00000022935909 49.99999977064091
4.849999999999991 50.00000001989293 49.99999998010707 50.000000187783336 49.999999812216664
4.899999999999991 50.000000015914345 49.999999984085655 50.000000153744 49.999999846256
4.94999999999999 50.000000012731476 49.999999987268524 50.000000125874934 49.999999874125066
4.99999999999999 50.00000001018518 49.99999998981482 50.00000010305768 49.99999989694232
