0 50 50
0.05 48.75 51.25
0.1 47.59375 52.40625
0.15000000000000002 46.52421875 53.47578125
0.2 45.534902343750005 54.465097656249995
0.25 44.61978466796875 55.38021533203125
0.3 43.773300817871096 56.226699182128904
0.35 42.990303256530765 57.009696743469235
0.39999999999999997 42.26603051229096 57.73396948770904
0.44999999999999996 41.596078223869135 58.403921776130865
0.49999999999999994 40.97637235707895 59.02362764292105
0.5499999999999999 40.40314443029803 59.59685556970197
0.6 39.872908598025674 60.127091401974326
0.65 39.38244045317375 60.61755954682625
0.7000000000000001 38.92875741918572 61.07124258081428
0.7500000000000001 38.50910061274679 61.49089938725321
0.8000000000000002 38.120918066790786 61.879081933209214
0.8500000000000002 37.761849211781474 62.238150788218526
0.9000000000000002 37.42971052089786 62.57028947910214
0.9500000000000003 37.122482231830524 62.877517768169476
1.0000000000000002 36.838296064443234 63.161703935556766
1.0500000000000003 36.57542385960999 63.42457614039001
1.1000000000000003 36.33226707013924 63.66773292986076
1.1500000000000004 36.107347039878796 63.892652960121204
1.2000000000000004 35.899296011887884 64.10070398811212
1.2500000000000004 35.70684881099629 64.29315118900371
1.3000000000000005 35.52883515017157 64.47116484982843
1.3500000000000005 35.3641725139087 64.63582748609129
1.4000000000000006 35.211859575365544 64.78814042463443
1.4500000000000006 35.07097010721313 64.92902989278686
1.5000000000000007 34.940647349172146 65.05935265082785
1.5500000000000007 34.82009879798424 65.17990120201576
1.6000000000000008 34.70859138813542 65.29140861186457
1.6500000000000008 34.60544703402526 65.39455296597473
1.7000000000000008 34.510038506473364 65.48996149352662
1.7500000000000009 34.42178561848786 65.57821438151213
1.800000000000001 34.34015169710127 65.65984830289871
1.850000000000001 34.264640319818675 65.7353596801813
1.900000000000001 34.19479229583227 65.8052077041677
1.950000000000001 34.13018287364485 65.86981712635512
2.000000000000001 34.07041915812148 65.92958084187848
2.0500000000000007 34.01513772126237 65.9848622787376
2.1000000000000005 33.96400239216769 66.03599760783227
2.1500000000000004 33.91670221275511 66.08329778724485
2.2 33.87294954679848 66.12705045320148
2.25 33.8324783307886 66.16752166921137
2.3 33.79504245597945 66.20495754402052
2.3499999999999996 33.76041427178099 66.23958572821897
2.3999999999999995 33.72838320139741 66.27161679860255
2.4499999999999993 33.69875446129261 66.30124553870736
2.499999999999999 33.67134787669566 66.32865212330431
2.549999999999999 33.64599678594349 66.35400321405649
2.5999999999999988 33.62254702699773 66.37745297300225
2.6499999999999986 33.6008559999729 66.39914400002708
2.6999999999999984 33.58079179997493 66.41920820002505
2.7499999999999982 33.56223241497681 66.43776758502318
2.799999999999998 33.54506498385355 66.45493501614644
2.849999999999998 33.52918511006453 66.47081488993545
2.8999999999999977 33.51449622680969 66.48550377319029
2.9499999999999975 33.50090900979896 66.49909099020101
2.9999999999999973 33.48834083406404 66.51165916593594
3.049999999999997 33.476715271509235 66.52328472849074
3.099999999999997 33.46596162614604 66.53403837385393
3.149999999999997 33.456014504185084 66.54398549581488
3.1999999999999966 33.4468134163712 66.55318658362876
3.2499999999999964 33.43830241014336 66.56169758985659
3.2999999999999963 33.4304297293826 66.56957027061735
3.349999999999996 33.423147499678905 66.57685250032104
3.399999999999996 33.41641143720299 66.58358856279696
3.4499999999999957 33.41018057941276 66.58981942058719
3.4999999999999956 33.404417035956804 66.59558296404315
3.5499999999999954 33.39908575826004 66.6009142417399
3.599999999999995 33.394154326390534 66.60584567360941
3.649999999999995 33.389592751911245 66.6104072480887
3.699999999999995 33.3853732955179 66.61462670448205
3.7499999999999947 33.38147029835406 66.6185297016459
3.7999999999999945 33.377860025977505 66.62213997402246
3.8499999999999943 33.374520524029194 66.62547947597078
3.899999999999994 33.371431484727005 66.62856851527297
3.949999999999994 33.368574123372476 66.6314258766275
3.999999999999994 33.365931064119536 66.63406893588044
4.049999999999994 33.36348623431057 66.6365137656894
4.099999999999993 33.36122476673728 66.63877523326269
4.149999999999993 33.35913290923198 66.64086709076798
4.199999999999993 33.35719794103958 66.64280205896038
4.249999999999993 33.35540809546161 66.64459190453836
4.299999999999993 33.35375248830199 66.64624751169798
4.3499999999999925 33.352221051679344 66.64777894832064
4.399999999999992 33.35080447280339 66.64919552719658
4.449999999999992 33.349494137343136 66.65050586265684
4.499999999999992 33.3482820770424 66.65171792295757
4.549999999999992 33.34716092126422 66.65283907873575
4.599999999999992 33.3461238521694 66.65387614783057
4.6499999999999915 33.345164563256695 66.65483543674328
4.699999999999991 33.34427722101244 66.65572277898754
4.749999999999991 33.34345642943651 66.65654357056347
4.799999999999991 33.342697197228766 66.65730280277121
4.849999999999991 33.34199490743661 66.65800509256337
4.899999999999991 33.341345289378864 66.65865471062112
4.94999999999999 33.34074439267545 66.65925560732454
4.99999999999999 33.340188563224785 66.6598114367752
