0 75 25
0.05 72.5 27.5
0.1 70.25 29.75
0.15000000000000002 68.225 31.775000000000006
0.2 66.40249999999999 33.59750000000001
0.25 64.76225 35.237750000000005
0.3 63.286024999999995 36.713975000000005
0.35 61.95742249999999 38.04257750000001
0.39999999999999997 60.76168024999999 39.23831975000001
0.44999999999999996 59.68551222499999 40.31448777500001
0.49999999999999994 58.71696100249999 41.28303899750001
0.5499999999999999 57.845264902249994 42.154735097750006
0.6 57.060738412024996 42.939261587975004
0.65 56.35466457082249 43.64533542917751
0.7000000000000001 55.71919811374024 44.28080188625976
0.7500000000000001 55.14727830236622 44.85272169763378
0.8000000000000002 54.632550472129594 45.367449527870406
0.8500000000000002 54.16929542491663 45.83070457508337
0.9000000000000002 53.75236588242497 46.24763411757503
0.9500000000000003 53.377129294182474 46.622870705817526
1.0000000000000002 53.03941636476423 46.96058363523577
1.0500000000000003 52.735474728287805 47.264525271712195
1.1000000000000003 52.461927255459024 47.538072744540976
1.1500000000000004 52.21573452991312 47.78426547008688
1.2000000000000004 51.994161076921806 48.005838923078194
1.2500000000000004 51.794744969229626 48.205255030770374
1.3000000000000005 51.61527047230666 48.38472952769334
1.3500000000000005 51.453743425076 48.546256574924
1.4000000000000006 51.3083690825684 48.6916309174316
1.4500000000000006 51.17753217431156 48.82246782568844
1.5000000000000007 51.0597789568804 48.9402210431196
1.5500000000000007 50.95380106119236 49.04619893880764
1.6000000000000008 50.85842095507312 49.14157904492688
1.6500000000000008 50.77257885956581 49.22742114043419
1.7000000000000008 50.69532097360923 49.30467902639077
1.7500000000000009 50.62578887624831 49.37421112375169
1.800000000000001 50.56320998862348 49.43679001137652
1.850000000000001 50.50688898976113 49.49311101023887
1.900000000000001 50.45620009078502 49.54379990921498
1.950000000000001 50.41058008170651 49.58941991829349
2.000000000000001 50.36952207353586 49.63047792646414
2.0500000000000007 50.332569866182276 49.667430133817724
2.1000000000000005 50.29931287956405 49.70068712043595
2.1500000000000004 50.26938159160764 49.73061840839236
2.2 50.242443432446876 49.757556567553124
2.25 50.21819908920219 49.78180091079781
2.3 50.196379180281966 49.803620819718034
2.3499999999999996 50.17674126225377 49.82325873774623
2.3999999999999995 50.15906713602839 49.84093286397161
2.4499999999999993 50.14316042242555 49.85683957757445
2.499999999999999 50.128844380183 49.871155619817
2.549999999999999 50.1159599421647 49.8840400578353
2.5999999999999988 50.10436394794823 49.89563605205177
2.6499999999999986 50.09392755315341 49.90607244684659
2.6999999999999984 50.08453479783807 49.91546520216193
2.7499999999999982 50.076081318054264 49.923918681945736
2.799999999999998 50.06847318624884 49.93152681375116
2.849999999999998 50.06162586762395 49.93837413237605
2.8999999999999977 50.05546328086156 49.94453671913844
2.9499999999999975 50.049916952775405 49.950083047224595
2.9999999999999973 50.044925257497866 49.955074742502134
3.049999999999997 50.040432731748076 49.959567268251924
3.099999999999997 50.03638945857327 49.96361054142673
3.149999999999997 50.03275051271594 49.96724948728406
3.1999999999999966 50.02947546144435 49.97052453855565
3.2499999999999964 50.026527915299916 49.973472084700084
3.2999999999999963 50.023875123769926 49.976124876230074
3.349999999999996 50.021487611392935 49.978512388607065
3.399999999999996 50.01933885025364 49.98066114974636
3.4499999999999957 50.01740496522827 49.98259503477173
3.4999999999999956 50.015664468705445 49.984335531294555
3.5499999999999954 50.0140980218349 49.9859019781651
3.599999999999995 50.01268821965141 49.98731178034859
3.649999999999995 50.01141939768627 49.98858060231373
3.699999999999995 50.01027745791764 49.98972254208236
3.7499999999999947 50.00924971212587 49.99075028787413
3.7999999999999945 50.00832474091328 49.99167525908672
3.8499999999999943 50.007492266821956 49.992507733178044
3.899999999999994 50.00674304013976 49.99325695986024
3.949999999999994 50.00606873612578 49.99393126387422
3.999999999999994 50.00546186251321 49.99453813748679
4.049999999999994 50.00491567626189 49.99508432373811
4.099999999999993 50.004424108635696 49.995575891364304
4.149999999999993 50.003981697772126 49.996018302227874
4.199999999999993 50.00358352799491 49.99641647200509
4.249999999999993 50.003225175195425 49.996774824804575
4.299999999999993 50.00290265767588 49.99709734232412
4.3499999999999925 50.00261239190829 49.99738760809171
4.399999999999992 50.002351152717466 49.997648847282534
4.449999999999992 50.00211603744572 49.99788396255428
4.499999999999992 50.00190443370114 49.99809556629886
4.549999999999992 50.00171399033103 49.99828600966897
4.599999999999992 50.00154259129793 49.99845740870207
4.6499999999999915 50.00138833216813 49.99861166783187
4.699999999999991 50.00124949895132 49.99875050104868
4.749999999999991 50.001124549056186 49.998875450943814
4.799999999999991 50.00101209415057 49.99898790584943
4.849999999999991 50.00091088473551 49.99908911526449
4.899999999999991 50.00081979626196 49.99918020373804
4.94999999999999 50.00073781663576 49.99926218336424
4.99999999999999 50.00066403497219 49.99933596502781
