0 100 0 75 25 50 50
0.05 95.0 5.0 71.875 28.125 48.75 51.25
0.1 90.375 9.625 68.984375 31.015625 47.59375 52.40625
0.15000000000000002 86.096875 13.903125 66.310546875 33.689453125 46.52421875 53.47578125
0.2 82.13960937499999 17.860390625 63.837255859375 36.162744140625 45.534902343750005 54.465097656249995
0.25 78.47913867187499 21.520861328125 61.549461669921875 38.450538330078125 44.61978466796875 55.38021533203125
0.3 75.09320327148437 24.906796728515626 59.43325204467774 40.56674795532226 43.773300817871096 56.226699182128904
0.35 71.96121302612305 28.038786973876952 57.47575814132691 42.52424185867309 42.990303256530765 57.009696743469235
0.39999999999999997 69.06412204916381 30.93587795083618 55.66507628072739 44.33492371927261 42.26603051229096 57.73396948770904
0.44999999999999996 66.38431289547653 33.61568710452347 53.990195559672834 46.009804440327166 41.596078223869135 58.403921776130865
0.49999999999999994 63.90548942831579 36.094510571684204 52.440930892697374 47.559069107302626 40.97637235707895 59.02362764292105
0.5499999999999999 61.6125777211921 38.38742227880789 51.00786107574507 48.99213892425493 40.40314443029803 59.59685556970197
0.6 59.491634392102696 40.5083656078973 49.682271495064185 50.317728504935815 39.872908598025674 60.127091401974326
0.65 57.52976181269499 42.470238187305 48.45610113293437 51.54389886706563 39.38244045317375 60.61755954682625
0.7000000000000001 55.715029676742866 44.28497032325713 47.321893547964294 52.678106452035706 38.92875741918572 61.07124258081428
0.7500000000000001 54.036402450987154 45.963597549012846 46.27275153186697 53.72724846813303 38.50910061274679 61.49089938725321
0.8000000000000002 52.483672267163115 47.516327732836885 45.30229516697695 54.69770483302305 38.120918066790786 61.879081933209214
0.8500000000000002 51.04739684712588 48.95260315287412 44.404623029453674 55.595376970546326 37.761849211781474 62.238150788218526
0.9000000000000002 49.71884208359144 50.28115791640856 43.57427630224465 56.42572369775535 37.42971052089786 62.57028947910214
0.9500000000000003 48.48992892732208 51.51007107267792 42.8062055795763 57.1937944204237 37.122482231830524 62.877517768169476
1.0000000000000002 47.353184257772924 52.646815742227076 42.095740161108075 57.904259838891925 36.838296064443234 63.161703935556766
1.0500000000000003 46.30169543843996 53.69830456156004 41.43855964902497 58.56144035097503 36.57542385960999 63.42457614039001
1.1000000000000003 45.32906828055696 54.67093171944304 40.830667675348096 59.169332324651904 36.33226707013924 63.66773292986076
1.1500000000000004 44.42938815951519 55.57061184048481 40.26836759969699 59.73163240030301 36.107347039878796 63.892652960121204
1.2000000000000004 43.59718404755155 56.40281595244845 39.74824002971971 60.25175997028029 35.899296011887884 64.10070398811212
1.2500000000000004 42.82739524398519 57.17260475601481 39.26712202749073 60.73287797250927 35.70684881099629 64.29315118900371
1.3000000000000005 42.115340600686295 57.884659399313705 38.82208787542892 61.17791212457108 35.52883515017157 64.47116484982843
1.3500000000000005 41.45669005563482 58.54330994436518 38.410431284771754 61.589568715228246 35.3641725139087 64.63582748609129
1.4000000000000006 40.84743830146221 59.15256169853779 38.02964893841387 61.97035106158613 35.211859575365544 64.78814042463443
1.4500000000000006 40.28388042885255 59.71611957114745 37.67742526803283 62.32257473196717 35.07097010721313 64.92902989278686
1.5000000000000007 39.762589396688604 60.237410603311396 37.35161837293037 62.64838162706963 34.940647349172146 65.05935265082785
1.5500000000000007 39.28039519193696 60.71960480806304 37.05024699496059 62.94975300503941 34.82009879798424 65.17990120201576
1.6000000000000008 38.83436555254169 61.16563444745831 36.77147847033854 63.22852152966146 34.70859138813542 65.29140861186457
1.6500000000000008 38.421788136101064 61.578211863898936 36.51361758506315 63.48638241493685 34.60544703402526 65.39455296597473
1.7000000000000008 38.040154025893486 61.959845974106514 36.27509626618342 63.72490373381658 34.510038506473364 65.48996149352662
1.7500000000000009 37.687142473951475 62.312857526048525 36.054464046219664 63.945535953780336 34.42178561848786 65.57821438151213
1.800000000000001 37.360606788405114 62.639393211594886 35.85037924275319 64.14962075724681 34.34015169710127 65.65984830289871
1.850000000000001 37.058561279274734 62.941438720725266 35.661600799546704 64.3383992004533 34.264640319818675 65.7353596801813
1.900000000000001 36.77916918332913 63.22083081667087 35.4869807395807 64.5130192604193 34.19479229583227 65.8052077041677
1.950000000000001 36.520731494579444 63.479268505420556 35.325457184112146 64.67454281588785 34.13018287364485 65.86981712635512
2.000000000000001 36.28167663248598 63.71832336751402 35.17604789530373 64.82395210469626 34.07041915812148 65.92958084187848
2.0500000000000007 36.06055088504954 63.93944911495046 35.03784430315595 64.96215569684404 34.01513772126237 65.9848622787376
2.1000000000000005 35.85600956867082 64.14399043132917 34.91000598041926 65.08999401958073 33.96400239216769 66.03599760783227
2.1500000000000004 35.66680885102051 64.33319114897948 34.791755531887816 65.20824446811217 33.91670221275511 66.08329778724485
2.2 35.49179818719397 64.50820181280602 34.68237386699623 65.31762613300376 33.87294954679848 66.12705045320148
2.25 35.32991332315442 64.67008667684557 34.58119582697151 65.41880417302848 33.8324783307886 66.16752166921137
2.3 35.180169823917836 64.81983017608215 34.487606139948646 65.51239386005135 33.79504245597945 66.20495754402052
2.3499999999999996 35.041657087124 64.95834291287599 34.4010356794525 65.5989643205475 33.76041427178099 66.23958572821897
2.3999999999999995 34.9135328055897 65.08646719441029 34.32095800349356 65.67904199650643 33.72838320139741 66.27161679860255
2.4499999999999993 34.79501784517048 65.20498215482952 34.24688615323154 65.75311384676844 33.69875446129261 66.30124553870736
2.499999999999999 34.68539150678269 65.3146084932173 34.17836969173918 65.82163030826081 33.67134787669566 66.32865212330431
2.549999999999999 34.58398714377399 65.416012856226 34.11499196485874 65.88500803514124 33.64599678594349 66.35400321405649
2.5999999999999988 34.49018810799094 65.50981189200905 34.056367567494334 65.94363243250565 33.62254702699773 66.37745297300225
2.6499999999999986 34.403423999891615 65.59657600010837 34.00213999993226 65.99786000006773 33.6008559999729 66.39914400002708
2.6999999999999984 34.32316719989974 65.67683280010024 33.951979499937345 66.04802050006265 33.58079179997493 66.41920820002505
2.7499999999999982 34.24892965990726 65.75107034009272 33.90558103744204 66.09441896255795 33.56223241497681 66.43776758502318
2.799999999999998 34.18025993541421 65.81974006458577 33.86266245963389 66.1373375403661 33.54506498385355 66.45493501614644
2.849999999999998 34.11674044025815 65.88325955974184 33.82296277516134 66.17703722483864 33.52918511006453 66.47081488993545
2.8999999999999977 34.05798490723879 65.94201509276121 33.786240567024244 66.21375943297575 33.51449622680969 66.48550377319029
2.9499999999999975 34.00363603919588 65.99636396080412 33.75227252449743 66.24772747550257 33.50090900979896 66.49909099020101
2.9999999999999973 33.95336333625619 66.04663666374381 33.72085208516012 66.27914791483988 33.48834083406404 66.51165916593594
3.049999999999997 33.906861086036976 66.09313891396303 33.69178817877311 66.30821182122689 33.476715271509235 66.52328472849074
3.099999999999997 33.8638465045842 66.1361534954158 33.66490406536513 66.33509593463488 33.46596162614604 66.53403837385393
3.149999999999997 33.82405801674039 66.17594198325962 33.64003626046274 66.35996373953726 33.456014504185084 66.54398549581488
3.1999999999999966 33.78725366548486 66.21274633451515 33.617033540928034 66.38296645907197 33.4468134163712 66.55318658362876
3.2499999999999964 33.753209640573495 66.24679035942651 33.59575602535843 66.40424397464157 33.43830241014336 66.56169758985659
3.2999999999999963 33.72171891753048 66.27828108246952 33.57607432345655 66.42392567654346 33.4304297293826 66.56957027061735
3.349999999999996 33.6925899987157 66.30741000128431 33.55786874919731 66.4421312508027 33.423147499678905 66.57685250032104
3.399999999999996 33.66564574881202 66.33435425118799 33.54102859300751 66.4589714069925 33.41641143720299 66.58358856279696
3.4499999999999957 33.64072231765112 66.35927768234889 33.525451448531946 66.47454855146806 33.41018057941276 66.58981942058719
3.4999999999999956 33.61766814382729 66.38233185617273 33.51104258989205 66.48895741010796 33.404417035956804 66.59558296404315
3.5499999999999954 33.59634303304024 66.40365696695977 33.49771439565015 66.50228560434986 33.39908575826004 66.6009142417399
3.599999999999995 33.57661730556222 66.42338269443779 33.485385815976386 66.51461418402363 33.394154326390534 66.60584567360941
3.649999999999995 33.55837100764506 66.44162899235496 33.47398187977816 66.52601812022186 33.389592751911245 66.6104072480887
3.699999999999995 33.541493182071676 66.45850681792834 33.4634332387948 66.53656676120522 33.3853732955179 66.61462670448205
3.7499999999999947 33.5258811934163 66.47411880658372 33.45367574588519 66.54632425411484 33.38147029835406 66.6185297016459
3.7999999999999945 33.51144010391008 66.48855989608994 33.4446500649438 66.55534993505623 33.377860025977505 66.62213997402246
3.8499999999999943 33.498082096116825 66.5019179038832 33.43630131007302 66.56369868992701 33.374520524029194 66.62547947597078
3.899999999999994 33.48572593890806 66.51427406109195 33.42857871181754 66.57142128818248 33.371431484727005 66.62856851527297
3.949999999999994 33.47429649348996 66.52570350651006 33.42143530843123 66.57856469156879 33.368574123372476 66.6314258766275
3.999999999999994 33.463724256478216 66.5362757435218 33.41482766029888 66.58517233970113 33.365931064119536 66.63406893588044
4.049999999999994 33.45394493724235 66.54605506275766 33.40871558577647 66.59128441422355 33.36348623431057 66.6365137656894
4.099999999999993 33.44489906694917 66.55510093305084 33.403061916843235 66.59693808315679 33.36122476673728 66.63877523326269
4.149999999999993 33.43653163692798 66.56346836307202 33.39783227307999 66.60216772692003 33.35913290923198 66.64086709076798
4.199999999999993 33.42879176415838 66.57120823584162 33.392994852598996 66.60700514740103 33.35719794103958 66.64280205896038
4.249999999999993 33.42163238184651 66.57836761815351 33.388520238654074 66.61147976134595 33.35540809546161 66.64459190453836
4.299999999999993 33.41500995320802 66.584990046792 33.38438122075502 66.615618779245 33.35375248830199 66.64624751169798
4.3499999999999925 33.40888420671742 66.5911157932826 33.38055262919839 66.61944737080162 33.352221051679344 66.64777894832064
4.399999999999992 33.403217891213615 66.5967821087864 33.37701118200851 66.6229888179915 33.35080447280339 66.64919552719658
4.449999999999992 33.39797654937259 66.60202345062741 33.37373534335787 66.62626465664214 33.349494137343136 66.65050586265684
4.499999999999992 33.39312830816965 66.60687169183036 33.37070519260603 66.62929480739398 33.3482820770424 66.65171792295757
4.549999999999992 33.38864368505693 66.61135631494308 33.36790230316058 66.63209769683942 33.34716092126422 66.65283907873575
4.599999999999992 33.38449540867766 66.61550459132235 33.36530963042353 66.63469036957646 33.3461238521694 66.65387614783057
4.6499999999999915 33.38065825302684 66.61934174697318 33.36291140814177 66.63708859185823 33.345164563256695 66.65483543674328
4.699999999999991 33.377108884049825 66.6228911159502 33.36069305253114 66.63930694746887 33.34427722101244 66.65572277898754
4.749999999999991 33.37382571774609 66.62617428225393 33.35864107359131 66.6413589264087 33.34345642943651 66.65654357056347
4.799999999999991 33.37078878891513 66.62921121108488 33.35674299307196 66.64325700692805 33.342697197228766 66.65730280277121
4.849999999999991 33.36797962974649 66.63202037025351 33.354987268591564 66.64501273140846 33.34199490743661 66.65800509256337
4.899999999999991 33.36538115751551 66.6346188424845 33.3533632234472 66.64663677655282 33.341345289378864 66.65865471062112
4.94999999999999 33.362977570701844 66.63702242929816 33.35186098168866 66.64813901831137 33.34074439267545 66.65925560732454
4.99999999999999 33.360754252899206 66.6392457471008 33.35047140806201 66.64952859193802 33.340188563224785 66.6598114367752
