0 50 50
0.05 50.0 50.0
0.1 50.0 50.0
0.15000000000000002 50.0 50.0
0.2 50.0 50.0
0.25 50.0 50.0
0.3 50.0 50.0
0.35 50.0 50.0
0.39999999999999997 50.0 50.0
0.44999999999999996 50.0 50.0
0.49999999999999994 50.0 50.0
0.5499999999999999 50.0 50.0
0.6 50.0 50.0
0.65 50.0 50.0
0.7000000000000001 50.0 50.0
0.7500000000000001 50.0 50.0
0.8000000000000002 50.0 50.0
0.8500000000000002 50.0 50.0
0.9000000000000002 50.0 50.0
0.9500000000000003 50.0 50.0
1.0000000000000002 50.0 50.0
1.0500000000000003 50.0 50.0
1.1000000000000003 50.0 50.0
1.1500000000000004 50.0 50.0
1.2000000000000004 50.0 50.0
1.2500000000000004 50.0 50.0
1.3000000000000005 50.0 50.0
1.3500000000000005 50.0 50.0
1.4000000000000006 50.0 50.0
1.4500000000000006 50.0 50.0
1.5000000000000007 50.0 50.0
1.5500000000000007 50.0 50.0
1.6000000000000008 50.0 50.0
1.6500000000000008 50.0 50.0
1.7000000000000008 50.0 50.0
1.7500000000000009 50.0 50.0
1.800000000000001 50.0 50.0
1.850000000000001 50.0 50.0
1.900000000000001 50.0 50.0
1.950000000000001 50.0 50.0
2.000000000000001 50.0 50.0
2.0500000000000007 50.0 50.0
2.1000000000000005 50.0 50.0
2.1500000000000004 50.0 50.0
2.2 50.0 50.0
2.25 50.0 50.0
2.3 50.0 50.0
2.3499999999999996 50.0 50.0
2.3999999999999995 50.0 50.0
2.4499999999999993 50.0 50.0
2.499999999999999 50.0 50.0
2.549999999999999 50.0 50.0
2.5999999999999988 50.0 50.0
2.6499999999999986 50.0 50.0
2.6999999999999984 50.0 50.0
2.7499999999999982 50.0 50.0
2.799999999999998 50.0 50.0
2.849999999999998 50.0 50.0
2.8999999999999977 50.0 50.0
2.9499999999999975 50.0 50.0
2.9999999999999973 50.0 50.0
3.049999999999997 50.0 50.0
3.099999999999997 50.0 50.0
3.149999999999997 50.0 50.0
3.1999999999999966 50.0 50.0
3.2499999999999964 50.0 50.0
3.2999999999999963 50.0 50.0
3.349999999999996 50.0 50.0
3.399999999999996 50.0 50.0
3.4499999999999957 50.0 50.0
3.4999999999999956 50.0 50.0
3.5499999999999954 50.0 50.0
3.599999999999995 50.0 50.0
3.649999999999995 50.0 50.0
3.699999999999995 50.0 50.0
3.7499999999999947 50.0 50.0
3.7999999999999945 50.0 50.0
3.8499999999999943 50.0 50.0
3.899999999999994 50.0 50.0
3.949999999999994 50.0 50.0
3.999999999999994 50.0 50.0
4.049999999999994 50.0 50.0
4.099999999999993 50.0 50.0
4.149999999999993 50.0 50.0
4.199999999999993 50.0 50.0
4.249999999999993 50.0 50.0
4.299999999999993 50.0 50.0
4.3499999999999925 50.0 50.0
4.399999999999992 50.0 50.0
4.449999999999992 50.0 50.0
4.499999999999992 50.0 50.0
4.549999999999992 50.0 50.0
4.599999999999992 50.0 50.0
4.6499999999999915 50.0 50.0
4.699999999999991 50.0 50.0
4.749999999999991 50.0 50.0
4.799999999999991 50.0 50.0
4.849999999999991 50.0 50.0
4.899999999999991 50.0 50.0
4.94999999999999 50.0 50.0
4.99999999999999 50.0 50.0
