0 100 0 100 0
0.05 0.0 100.0 56.766764161830636 43.233235838169364
0.1 100.0 0.0 50.91578194443671 49.08421805556329
0.15000000000000002 0.0 100.0 50.123937608833316 49.876062391166684
0.2 100.0 0.0 50.01677313139513 49.98322686860487
0.25 0.0 100.0 50.002269996488124 49.997730003511876
0.3 100.0 0.0 50.00030721061766 49.99969278938234
0.35 0.0 100.0 50.000041576435954 49.999958423564046
0.39999999999999997 100.0 0.0 50.000005626758735 49.999994373241265
0.44999999999999996 0.0 100.0 50.00000076149899 49.99999923850101
0.49999999999999994 100.0 0.0 50.00000010305768 49.99999989694232
0.5499999999999999 0.0 100.0 50.00000001394734 49.99999998605266
0.6 100.0 0.0 50.000000001887564 49.999999998112436
0.65 0.0 100.0 50.000000000255454 49.999999999744546
0.7000000000000001 100.0 0.0 50.000000000034575 49.999999999965425
0.7500000000000001 0.0 100.0 50.000000000004675 49.999999999995325
0.8000000000000002 100.0 0.0 50.00000000000063 49.99999999999937
0.8500000000000002 0.0 100.0 50.000000000000085 49.999999999999915
0.9000000000000002 100.0 0.0 50.000000000000014 49.999999999999986
0.9500000000000003 0.0 100.0 50.0 50.0
1.0000000000000002 100.0 0.0 50.0 50.0
1.0500000000000003 0.0 100.0 50.0 50.0
1.1000000000000003 100.0 0.0 50.0 50.0
1.1500000000000004 0.0 100.0 50.0 50.0
1.2000000000000004 100.0 0.0 50.0 50.0
1.2500000000000004 0.0 100.0 50.0 50.0
1.3000000000000005 100.0 0.0 50.0 50.0
1.3500000000000005 0.0 100.0 50.0 50.0
1.4000000000000006 100.0 0.0 50.0 50.0
1.4500000000000006 0.0 100.0 50.0 50.0
1.5000000000000007 100.0 0.0 50.0 50.0
1.5500000000000007 0.0 100.0 50.0 50.0
1.6000000000000008 100.0 0.0 50.0 50.0
1.6500000000000008 0.0 100.0 50.0 50.0
1.7000000000000008 100.0 0.0 50.0 50.0
1.7500000000000009 0.0 100.0 50.0 50.0
1.800000000000001 100.0 0.0 50.0 50.0
1.850000000000001 0.0 100.0 50.0 50.0
1.900000000000001 100.0 0.0 50.0 50.0
1.950000000000001 0.0 100.0 50.0 50.0
2.000000000000001 100.0 0.0 50.0 50.0
2.0500000000000007 0.0 100.0 50.0 50.0
2.1000000000000005 100.0 0.0 50.0 50.0
2.1500000000000004 0.0 100.0 50.0 50.0
2.2 100.0 0.0 50.0 50.0
2.25 0.0 100.0 50.0 50.0
2.3 100.0 0.0 50.0 50.0
2.3499999999999996 0.0 100.0 50.0 50.0
2.3999999999999995 100.0 0.0 50.0 50.0
2.4499999999999993 0.0 100.0 50.0 50.0
2.499999999999999 100.0 0.0 50.0 50.0
2.549999999999999 0.0 100.0 50.0 50.0
2.5999999999999988 100.0 0.0 50.0 50.0
2.6499999999999986 0.0 100.0 50.0 50.0
2.6999999999999984 100.0 0.0 50.0 50.0
2.7499999999999982 0.0 100.0 50.0 50.0
2.799999999999998 100.0 0.0 50.0 50.0
2.849999999999998 0.0 100.0 50.0 50.0
2.8999999999999977 100.0 0.0 50.0 50.0
2.9499999999999975 0.0 100.0 50.0 50.0
2.9999999999999973 100.0 0.0 50.0 50.0
3.049999999999997 0.0 100.0 50.0 50.0
3.099999999999997 100.0 0.0 50.0 50.0
3.149999999999997 0.0 100.0 50.0 50.0
3.1999999999999966 100.0 0.0 50.0 50.0
3.2499999999999964 0.0 100.0 50.0 50.0
3.2999999999999963 100.0 0.0 50.0 50.0
3.349999999999996 0.0 100.0 50.0 50.0
3.399999999999996 100.0 0.0 50.0 50.0
3.4499999999999957 0.0 100.0 50.0 50.0
3.4999999999999956 100.0 0.0 50.0 50.0
3.5499999999999954 0.0 100.0 50.0 50.0
3.599999999999995 100.0 0.0 50.0 50.0
3.649999999999995 0.0 100.0 50.0 50.0
3.699999999999995 100.0 0.0 50.0 50.0
3.7499999999999947 0.0 100.0 50.0 50.0
3.7999999999999945 100.0 0.0 50.0 50.0
3.8499999999999943 0.0 100.0 50.0 50.0
3.899999999999994 100.0 0.0 50.0 50.0
3.949999999999994 0.0 100.0 50.0 50.0
3.999999999999994 100.0 0.0 50.0 50.0
4.049999999999994 0.0 100.0 50.0 50.0
4.099999999999993 100.0 0.0 50.0 50.0
4.149999999999993 0.0 100.0 50.0 50.0
4.199999999999993 100.0 0.0 50.0 50.0
4.249999999999993 0.0 100.0 50.0 50.0
4.299999999999993 100.0 0.0 50.0 50.0
4.3499999999999925 0.0 100.0 50.0 50.0
4.399999999999992 100.0 0.0 50.0 50.0
4.449999999999992 0.0 100.0 50.0 50.0
4.499999999999992 100.0 0.0 50.0 50.0
4.549999999999992 0.0 100.0 50.0 50.0
4.599999999999992 100.0 0.0 50.0 50.0
4.6499999999999915 0.0 100.0 50.0 50.0
4.699999999999991 100.0 0.0 50.0 50.0
4.749999999999991 0.0 100.0 50.0 50.0
4.799999999999991 100.0 0.0 50.0 50.0
4.849999999999991 0.0 100.0 50.0 50.0
4.899999999999991 100.0 0.0 50.0 50.0
4.94999999999999 0.0 100.0 50.0 50.0
4.99999999999999 100.0 0.0 50.0 50.0
