0 75 25
0.05 71.875 28.125
0.1 68.984375 31.015625
0.15000000000000002 66.310546875 33.689453125
0.2 63.837255859375 36.162744140625
0.25 61.549461669921875 38.450538330078125
0.3 59.43325204467774 40.56674795532226
0.35 57.47575814132691 42.52424185867309
0.39999999999999997 55.66507628072739 44.33492371927261
0.44999999999999996 53.990195559672834 46.009804440327166
0.49999999999999994 52.440930892697374 47.559069107302626
0.5499999999999999 51.00786107574507 48.99213892425493
0.6 49.682271495064185 50.317728504935815
0.65 48.45610113293437 51.54389886706563
0.7000000000000001 47.321893547964294 52.678106452035706
0.7500000000000001 46.27275153186697 53.72724846813303
0.8000000000000002 45.30229516697695 54.69770483302305
0.8500000000000002 44.404623029453674 55.595376970546326
0.9000000000000002 43.57427630224465 56.42572369775535
0.9500000000000003 42.8062055795763 57.1937944204237
1.0000000000000002 42.095740161108075 57.904259838891925
1.0500000000000003 41.43855964902497 58.56144035097503
1.1000000000000003 40.830667675348096 59.169332324651904
1.1500000000000004 40.26836759969699 59.73163240030301
1.2000000000000004 39.74824002971971 60.25175997028029
1.2500000000000004 39.26712202749073 60.73287797250927
1.3000000000000005 38.82208787542892 61.17791212457108
1.3500000000000005 38.410431284771754 61.589568715228246
1.4000000000000006 38.02964893841387 61.97035106158613
1.4500000000000006 37.67742526803283 62.32257473196717
1.5000000000000007 37.35161837293037 62.64838162706963
1.5500000000000007 37.05024699496059 62.94975300503941
1.6000000000000008 36.77147847033854 63.22852152966146
1.6500000000000008 36.51361758506315 63.48638241493685
1.7000000000000008 36.27509626618342 63.72490373381658
1.7500000000000009 36.054464046219664 63.945535953780336
1.800000000000001 35.85037924275319 64.14962075724681
1.850000000000001 35.661600799546704 64.3383992004533
1.900000000000001 35.4869807395807 64.5130192604193
1.950000000000001 35.325457184112146 64.67454281588785
2.000000000000001 35.17604789530373 64.82395210469626
2.0500000000000007 35.03784430315595 64.96215569684404
2.1000000000000005 34.91000598041926 65.08999401958073
2.1500000000000004 34.791755531887816 65.20824446811217
2.2 34.68237386699623 65.31762613300376
2.25 34.58119582697151 65.41880417302848
2.3 34.487606139948646 65.51239386005135
2.3499999999999996 34.4010356794525 65.5989643205475
2.3999999999999995 34.32095800349356 65.67904199650643
2.4499999999999993 34.24688615323154 65.75311384676844
2.499999999999999 34.17836969173918 65.82163030826081
2.549999999999999 34.11499196485874 65.88500803514124
2.5999999999999988 34.056367567494334 65.94363243250565
2.6499999999999986 34.00213999993226 65.99786000006773
2.6999999999999984 33.951979499937345 66.04802050006265
2.7499999999999982 33.90558103744204 66.09441896255795
2.799999999999998 33.86266245963389 66.1373375403661
2.849999999999998 33.82296277516134 66.17703722483864
2.8999999999999977 33.786240567024244 66.21375943297575
2.9499999999999975 33.75227252449743 66.24772747550257
2.9999999999999973 33.72085208516012 66.27914791483988
3.049999999999997 33.69178817877311 66.30821182122689
3.099999999999997 33.66490406536513 66.33509593463488
3.149999999999997 33.64003626046274 66.35996373953726
3.1999999999999966 33.617033540928034 66.38296645907197
3.2499999999999964 33.59575602535843 66.40424397464157
3.2999999999999963 33.57607432345655 66.42392567654346
3.349999999999996 33.55786874919731 66.4421312508027
3.399999999999996 33.54102859300751 66.4589714069925
3.4499999999999957 33.525451448531946 66.47454855146806
3.4999999999999956 33.51104258989205 66.48895741010796
3.5499999999999954 33.49771439565015 66.50228560434986
3.599999999999995 33.485385815976386 66.51461418402363
3.649999999999995 33.47398187977816 66.52601812022186
3.699999999999995 33.4634332387948 66.53656676120522
3.7499999999999947 33.45367574588519 66.54632425411484
3.7999999999999945 33.4446500649438 66.55534993505623
3.8499999999999943 33.43630131007302 66.56369868992701
3.899999999999994 33.42857871181754 66.57142128818248
3.949999999999994 33.42143530843123 66.57856469156879
3.999999999999994 33.41482766029888 66.58517233970113
4.049999999999994 33.40871558577647 66.59128441422355
4.099999999999993 33.403061916843235 66.59693808315679
4.149999999999993 33.39783227307999 66.60216772692003
4.199999999999993 33.392994852598996 66.60700514740103
4.249999999999993 33.388520238654074 66.61147976134595
4.299999999999993 33.38438122075502 66.615618779245
4.3499999999999925 33.38055262919839 66.61944737080162
4.399999999999992 33.37701118200851 66.6229888179915
4.449999999999992 33.37373534335787 66.62626465664214
4.499999999999992 33.37070519260603 66.62929480739398
4.549999999999992 33.36790230316058 66.63209769683942
4.599999999999992 33.36530963042353 66.63469036957646
4.6499999999999915 33.36291140814177 66.63708859185823
4.699999999999991 33.36069305253114 66.63930694746887
4.749999999999991 33.35864107359131 66.6413589264087
4.799999999999991 33.35674299307196 66.64325700692805
4.849999999999991 33.354987268591564 66.64501273140846
4.899999999999991 33.3533632234472 66.64663677655282
4.94999999999999 33.35186098168866 66.64813901831137
4.99999999999999 33.35047140806201 66.64952859193802
