0 100 0
0.05 97.5 2.5
0.1 95.1875 4.8125
0.15000000000000002 93.0484375 6.9515625
0.2 91.06980468750001 8.9301953125
0.25 89.23956933593752 10.7604306640625
0.3 87.5466016357422 12.453398364257813
0.35 85.98060651306155 14.019393486938478
0.39999999999999997 84.53206102458194 15.467938975418093
0.44999999999999996 83.19215644773828 16.807843552261737
0.49999999999999994 81.95274471415792 18.047255285842105
0.5499999999999999 80.80628886059607 19.19371113940395
0.6 79.74581719605136 20.254182803948652
0.65 78.76488090634751 21.235119093652504
0.7000000000000001 77.85751483837146 22.142485161628567
0.7500000000000001 77.0182012254936 22.981798774506426
0.8000000000000002 76.24183613358159 23.758163866418446
0.8500000000000002 75.52369842356296 24.476301576437063
0.9000000000000002 74.85942104179574 25.140578958204284
0.9500000000000003 74.24496446366106 25.755035536338962
1.0000000000000002 73.67659212888648 26.32340787111354
1.0500000000000003 73.15084771922 26.849152280780025
1.1000000000000003 72.66453414027849 27.335465859721523
1.1500000000000004 72.2146940797576 27.785305920242408
1.2000000000000004 71.79859202377578 28.20140797622423
1.2500000000000004 71.4136976219926 28.58630237800741
1.3000000000000005 71.05767030034315 28.942329699656856
1.3500000000000005 70.72834502781741 29.271654972182592
1.4000000000000006 70.4237191507311 29.576280849268898
1.4500000000000006 70.14194021442627 29.85805978557373
1.5000000000000007 69.8812946983443 30.1187053016557
1.5500000000000007 69.64019759596849 30.359802404031523
1.6000000000000008 69.41718277627085 30.58281722372916
1.6500000000000008 69.21089406805054 30.78910593194947
1.7000000000000008 69.02007701294674 30.97992298705326
1.7500000000000009 68.84357123697573 31.156428763024266
1.800000000000001 68.68030339420255 31.319696605797446
1.850000000000001 68.52928063963736 31.470719360362637
1.900000000000001 68.38958459166456 31.610415408335438
1.950000000000001 68.26036574728971 31.73963425271028
2.000000000000001 68.14083831624298 31.85916168375701
2.0500000000000007 68.03027544252475 31.96972455747523
2.1000000000000005 67.9280047843354 32.071995215664586
2.1500000000000004 67.83340442551024 32.16659557448974
2.2 67.74589909359698 32.25410090640301
2.25 67.66495666157721 32.335043338422786
2.3 67.59008491195891 32.409915088041075
2.3499999999999996 67.52082854356199 32.479171456437996
2.3999999999999995 67.45676640279484 32.543233597205145
2.4499999999999993 67.39750892258523 32.60249107741476
2.499999999999999 67.34269575339134 32.65730424660865
2.549999999999999 67.29199357188699 32.708006428113
2.5999999999999988 67.24509405399547 32.75490594600453
2.6499999999999986 67.20171199994581 32.798288000054185
2.6999999999999984 67.16158359994988 32.83841640005012
2.7499999999999982 67.12446482995364 32.87553517004636
2.799999999999998 67.09012996770711 32.909870032292886
2.849999999999998 67.05837022012908 32.94162977987092
2.8999999999999977 67.0289924536194 32.971007546380605
2.9499999999999975 67.00181801959793 32.99818198040206
2.9999999999999973 66.9766816681281 33.023318331871906
3.049999999999997 66.95343054301848 33.046569456981516
3.099999999999997 66.9319232522921 33.0680767477079
3.149999999999997 66.91202900837018 33.0879709916298
3.1999999999999966 66.89362683274241 33.106373167257566
3.2499999999999964 66.87660482028673 33.12339517971325
3.2999999999999963 66.86085945876522 33.13914054123475
3.349999999999996 66.84629499935782 33.15370500064215
3.399999999999996 66.83282287440599 33.16717712559399
3.4499999999999957 66.82036115882553 33.17963884117444
3.4999999999999956 66.80883407191362 33.191165928086356
3.5499999999999954 66.7981715165201 33.20182848347988
3.599999999999995 66.7883086527811 33.21169134721889
3.649999999999995 66.77918550382252 33.22081449617747
3.699999999999995 66.77074659103583 33.229253408964155
3.7499999999999947 66.76294059670815 33.237059403291845
3.7999999999999945 66.75572005195504 33.244279948044955
3.8499999999999943 66.74904104805842 33.250958951941584
3.899999999999994 66.74286296945404 33.25713703054596
3.949999999999994 66.73714824674498 33.26285175325501
3.999999999999994 66.7318621282391 33.268137871760885
4.049999999999994 66.72697246862117 33.273027531378816
4.099999999999993 66.72244953347459 33.277550466525405
4.149999999999993 66.71826581846399 33.281734181536
4.199999999999993 66.71439588207919 33.285604117920805
4.249999999999993 66.71081619092325 33.28918380907675
4.299999999999993 66.70750497660401 33.29249502339599
4.3499999999999925 66.70444210335872 33.29555789664129
4.399999999999992 66.70160894560681 33.29839105439319
4.449999999999992 66.6989882746863 33.3010117253137
4.499999999999992 66.69656415408483 33.303435845915175
4.549999999999992 66.69432184252847 33.30567815747153
4.599999999999992 66.69224770433883 33.30775229566117
4.6499999999999915 66.69032912651342 33.30967087348658
4.699999999999991 66.68855444202491 33.31144555797509
4.749999999999991 66.68691285887304 33.31308714112696
4.799999999999991 66.68539439445756 33.31460560554243
4.849999999999991 66.68398981487324 33.31601018512675
4.899999999999991 66.68269057875774 33.31730942124224
4.94999999999999 66.68148878535091 33.31851121464907
4.99999999999999 66.68037712644959 33.31962287355039
