0 100 0
0.05 95.0 5.0
0.1 90.5 9.5
0.15000000000000002 86.45 13.549999999999997
0.2 82.805 17.194999999999993
0.25 79.5245 20.475499999999997
0.3 76.57205 23.427949999999996
0.35 73.914845 26.085155
0.39999999999999997 71.5233605 28.476639500000005
0.44999999999999996 69.37102445 30.628975550000007
0.49999999999999994 67.433922005 32.566077995
0.5499999999999999 65.6905298045 34.3094701955
0.6 64.12147682405 35.878523175949994
0.65 62.70932914164501 37.29067085835499
0.7000000000000001 61.43839622748051 38.56160377251949
0.7500000000000001 60.294556604732456 39.705443395267544
0.8000000000000002 59.26510094425921 40.73489905574079
0.8500000000000002 58.33859084983329 41.66140915016671
0.9000000000000002 57.50473176484996 42.49526823515004
0.9500000000000003 56.75425858836496 43.24574141163504
1.0000000000000002 56.078832729528465 43.921167270471535
1.0500000000000003 55.47094945657562 44.52905054342438
1.1000000000000003 54.923854510918055 45.076145489081945
1.1500000000000004 54.43146905982625 45.56853094017375
1.2000000000000004 53.988322153843626 46.011677846156374
1.2500000000000004 53.589489938459266 46.410510061540734
1.3000000000000005 53.23054094461334 46.76945905538666
1.3500000000000005 52.907486850152004 47.092513149847996
1.4000000000000006 52.6167381651368 47.3832618348632
1.4500000000000006 52.355064348623124 47.644935651376876
1.5000000000000007 52.119557913760815 47.880442086239185
1.5500000000000007 51.90760212238473 48.09239787761527
1.6000000000000008 51.71684191014626 48.28315808985374
1.6500000000000008 51.54515771913163 48.45484228086837
1.7000000000000008 51.39064194721847 48.60935805278153
1.7500000000000009 51.25157775249662 48.74842224750338
1.800000000000001 51.12641997724696 48.87358002275304
1.850000000000001 51.01377797952227 48.98622202047773
1.900000000000001 50.91240018157004 49.08759981842996
1.950000000000001 50.82116016341304 49.17883983658696
2.000000000000001 50.73904414707174 49.26095585292826
2.0500000000000007 50.665139732364565 49.334860267635435
2.1000000000000005 50.59862575912811 49.40137424087189
2.1500000000000004 50.5387631832153 49.4612368167847
2.2 50.484886864893774 49.515113135106226
2.25 50.436398178404396 49.563601821595604
2.3 50.39275836056396 49.60724163943604
2.3499999999999996 50.35348252450756 49.64651747549244
2.3999999999999995 50.31813427205681 49.68186572794319
2.4499999999999993 50.286320844851126 49.713679155148874
2.499999999999999 50.257688760366015 49.742311239633985
2.549999999999999 50.231919884329415 49.768080115670585
2.5999999999999988 50.20872789589647 49.79127210410353
2.6499999999999986 50.18785510630683 49.81214489369317
2.6999999999999984 50.16906959567614 49.83093040432386
2.7499999999999982 50.15216263610853 49.84783736389147
2.799999999999998 50.136946372497675 49.863053627502325
2.849999999999998 50.123251735247905 49.876748264752095
2.8999999999999977 50.11092656172311 49.88907343827689
2.9499999999999975 50.0998339055508 49.9001660944492
2.9999999999999973 50.089850514995724 49.910149485004276
3.049999999999997 50.08086546349615 49.91913453650385
3.099999999999997 50.072778917146536 49.927221082853464
3.149999999999997 50.065501025431885 49.934498974568115
3.1999999999999966 50.0589509228887 49.9410490771113
3.2499999999999964 50.05305583059983 49.94694416940017
3.2999999999999963 50.047750247539845 49.952249752460155
3.349999999999996 50.04297522278586 49.95702477721414
3.399999999999996 50.03867770050728 49.96132229949272
3.4499999999999957 50.034809930456554 49.965190069543446
3.4999999999999956 50.0313289374109 49.9686710625891
3.5499999999999954 50.02819604366981 49.97180395633019
3.599999999999995 50.025376439302825 49.974623560697175
3.649999999999995 50.02283879537254 49.97716120462746
3.699999999999995 50.02055491583529 49.97944508416471
3.7499999999999947 50.018499424251765 49.981500575748235
3.7999999999999945 50.01664948182659 49.98335051817341
3.8499999999999943 50.01498453364393 49.98501546635607
3.899999999999994 50.01348608027954 49.98651391972046
3.949999999999994 50.01213747225159 49.98786252774841
3.999999999999994 50.01092372502643 49.98907627497357
4.049999999999994 50.00983135252379 49.99016864747621
4.099999999999993 50.008848217271414 49.991151782728586
4.149999999999993 50.00796339554427 49.99203660445573
4.199999999999993 50.00716705598985 49.99283294401015
4.249999999999993 50.006450350390864 49.993549649609136
4.299999999999993 50.00580531535178 49.99419468464822
4.3499999999999925 50.0052247838166 49.9947752161834
4.399999999999992 50.00470230543494 49.99529769456506
4.449999999999992 50.00423207489145 49.99576792510855
4.499999999999992 50.003808867402306 49.996191132597694
4.549999999999992 50.003427980662075 49.996572019337925
4.599999999999992 50.00308518259587 49.99691481740413
4.6499999999999915 50.00277666433628 49.99722333566372
4.699999999999991 50.002498997902656 49.997501002097344
4.749999999999991 50.00224909811239 49.99775090188761
4.799999999999991 50.00202418830115 49.99797581169885
4.849999999999991 50.001821769471036 49.998178230528964
4.899999999999991 50.00163959252393 49.99836040747607
4.94999999999999 50.00147563327154 49.99852436672846
4.99999999999999 50.001328069944385 49.998671930055615
